0, 7540.5713000298, 0, 263.03460001945, 0, 1.9493000507355, 14, 3, 2, 2, 123
0, 7540.5713000298, 0, 263.03460001945, 0, 1.9493000507355, 14, 3, 2, 2, 123
0, 7540.5713000298, 0, 263.03460001945, 0, 1.9493000507355, 14, 3, 2, 2, 123
0, 1.8850998878479, 1, 2.0311000347137, 1, 1.8087000846863, 25, 1, 1, 2, 312
0, 1.8850998878479, 1, 2.0311000347137, 1, 1.8087000846863, 25, 1, 1, 2, 312
0, 1.8850998878479, 1, 2.0311000347137, 1, 1.8087000846863, 25, 1, 1, 2, 312, ::1
0, 1.8850998878479, 1, 2.0311000347137, 1, 1.8087000846863, 25, 1, 1, 2, 312, ::1
0, 1.8850998878479, 1, 2.0311000347137, 1, 1.8087000846863, 25, 1, 1, 2, 312, ::1
0, 1.8850998878479, 1, 2.0311000347137, 1, 1.8087000846863, 25, 1, 1, 2, 312, ::1
0, 1.8850998878479, 1, 2.0311000347137, 1, 1.8087000846863, 25, 1, 1, 2, 312, ::1
0, 1.8850998878479, 1, 2.0311000347137, 1, 1.8087000846863, 25, 1, 1, 2, 312, ::1
0, 1.8850998878479, 1, 2.0311000347137, 1, 1.8087000846863, 25, 1, 1, 2, 312, ::1
